0000378500036101000000000000000000000000000000000000073951
0100379050036155000000000000000000000000000000000000074060
0200379330036172000000000000000000000000000000000000074105
0300379180036144000000000000000000000000000000000000074062
0400378370036054000000000000000000000000000000000000073891
0500376970035910000000000000000000000000000000000000073607
0600374480035658000000000000000000000000000000000000073106
0700370570035277000000000000000000000000000000000000072334
0800365580034788000000000000000000000000000000000000071346
0900359440034190000000000000000000000000000000000000070134
1000354850033749000000000000000000000000000000000000069234
1100352450033512000000000000000000000000000000000000068757
1200349870033269000000000000000000000000000000000000068256
1300347090033001003386010157010157010157013542013542006771
1400343740032686003353010059010059010059013412013412006706
1500347700033065003392010175010175010175013567013567006784
1600360090034242003513010538010538010538014050014050007025
1700374130035586003650010950010950010950014600014600007300
1800375920035764003668011003011003011003014671014671007336
1900371870035375003628010884010884010884014512014512007256
2012322601182132120720362159362159362159482878482878241439
5003035570299368030146090439090439090439120585120585060293
6004274770465934044671134012134012134012178682178682089341